   9.999999999700000E-07   3.468768463500000E-02   2.157751133500000E-01   9.466375036000000E-04   3.079143984000000E-02   3.689275437300000E-03   3.000000000000000E+02
   8.748504254100000E-06   3.476977303300000E-02   2.164260960100000E-01   1.203659310000000E-03   3.117811480600000E-02   1.088199111200000E-02   3.000000000000000E+02
   8.754140187399999E-06   3.476983235700000E-02   2.164265643600000E-01   1.203793959700000E-03   3.117834589100000E-02   1.088547404500000E-02   3.000000000000000E+02
   3.252487638200000E-05   3.501516362800000E-02   2.183748857700000E-01   1.630513547400000E-03   3.200656090600000E-02   2.081105046500000E-02   3.000000000000000E+02
   7.277238535300000E-05   3.540915134500000E-02   2.215116458100000E-01   2.149322018800000E-03   3.317626022500000E-02   3.072979140900000E-02   3.000000000000000E+02
   1.316788579900000E-04   3.594142356500000E-02   2.257620142100000E-01   2.767712735600000E-03   3.467613063600000E-02   4.063990528200000E-02   3.000000000000000E+02
   2.120248059500000E-04   3.659444241600000E-02   2.309911940500000E-01   3.488804022500000E-03   3.647712432400000E-02   5.054145861000000E-02   3.000000000000000E+02
   3.169093779500000E-04   3.734591070500000E-02   2.370214029900000E-01   4.311011927500000E-03   3.853554493900000E-02   6.043619569700000E-02   3.000000000000000E+02
   4.495216302900000E-04   3.817457725600000E-02   2.436791565900000E-01   5.230608907800000E-03   4.080603867300000E-02   7.032634757900000E-02   3.000000000000000E+02
   6.130825528500000E-04   3.906530935600000E-02   2.508388981900000E-01   6.245302958200000E-03   4.325489004000000E-02   8.021339678200000E-02   3.000000000000000E+02
   8.109185830100000E-04   4.001027401300000E-02   2.584345883400000E-01   7.356207784800000E-03   4.586462349800000E-02   9.009767008800000E-02   3.000000000000000E+02
   1.046546692300000E-03   4.100711327300000E-02   2.664453910100000E-01   8.567720035799999E-03   4.863068198400000E-02   9.997861054500000E-02   3.000000000000000E+02
   1.323709246400000E-03   4.205657308300000E-02   2.748758798900000E-01   9.886489997499999E-03   5.155588776800000E-02   1.098551850900000E-01   3.000000000000000E+02
   1.646366154600000E-03   4.316090629300000E-02   2.837423351000000E-01   1.132050905200000E-02   5.464642019900000E-02   1.197261457000000E-01   3.000000000000000E+02
   2.018667708700000E-03   4.432311829700000E-02   2.930661285700000E-01   1.287859865000000E-02   5.790972556400000E-02   1.295901311900000E-01   3.000000000000000E+02
   2.444917273200000E-03   4.554670373400000E-02   3.028711746100000E-01   1.457018880300000E-02   6.135364580300000E-02   1.394456411000000E-01   3.000000000000000E+02
   2.909043667500000E-03   4.678293965200000E-02   3.127622606400000E-01   1.632924427400000E-02   6.483767513800000E-02   1.488989354600000E-01   3.000000000000000E+02
   3.380984103500000E-03   4.796230457700000E-02   3.221801463300000E-01   1.805091479600000E-02   6.816167943100000E-02   1.574833880400000E-01   3.000000000000000E+02
   3.853920758100000E-03   4.908314821100000E-02   3.311107395600000E-01   1.972360959300000E-02   7.131748408499999E-02   1.652785252100000E-01   3.000000000000000E+02
   4.322035339600000E-03   5.014466060200000E-02   3.395475842900000E-01   2.133797197800000E-02   7.430036709000000E-02   1.723567432700000E-01   3.000000000000000E+02
   4.780508006600000E-03   5.114674588600000E-02   3.474907960100000E-01   2.288676077700000E-02   7.710857195300000E-02   1.787839110300000E-01   3.000000000000000E+02
   5.225472460100000E-03   5.208991123700000E-02   3.549458616500000E-01   2.436467714100000E-02   7.974285893200000E-02   1.846199287100000E-01   3.000000000000000E+02
   5.653941571000000E-03   5.297516759300000E-02   3.619228190700000E-01   2.576816335000000E-02   8.220601695800001E-02   1.899192446500000E-01   3.000000000000000E+02
   6.063715450600000E-03   5.380394020800000E-02   3.684352957200000E-01   2.709518485900000E-02   8.450248863800000E-02   1.947313320500000E-01   3.000000000000000E+02
   6.453281375700000E-03   5.457798794200000E-02   3.744997405500000E-01   2.834500976600000E-02   8.663798266300000E-02   1.991011282100000E-01   3.000000000000000E+02
   6.821712625000000E-03   5.529933071700000E-02   3.801346698800000E-01   2.951799591000000E-02   8.861915693600000E-02   2.030694384600000E-01   3.000000000000000E+02
   7.168571214700000E-03   5.597018476500000E-02   3.853601070300000E-01   3.061539153300000E-02   9.045329779000000E-02   2.066733072400000E-01   3.000000000000000E+02
   7.493817791200000E-03   5.659290543100000E-02   3.901970680200000E-01   3.163915349200000E-02   9.214815798000001E-02   2.099463582900000E-01   3.000000000000000E+02
   7.797730561900000E-03   5.716993722400000E-02   3.946670123800000E-01   3.259178511100000E-02   9.371166125200001E-02   2.129191061500000E-01   3.000000000000000E+02
   8.080834101899999E-03   5.770377080100000E-02   3.987916411900000E-01   3.347619470000000E-02   9.515184271500000E-02   2.156192408500000E-01   3.000000000000000E+02
   8.343838122800000E-03   5.819690648100000E-02   4.025923781900000E-01   3.429557448600000E-02   9.647664214500000E-02   2.180718877800000E-01   3.000000000000000E+02
   8.587585780200000E-03   5.865182381300000E-02   4.060903257700000E-01   3.505329784500000E-02   9.769382745800000E-02   2.202998445600000E-01   3.000000000000000E+02
   8.813010783000000E-03   5.907095669800000E-02   4.093059389500000E-01   3.575283663900000E-02   9.881094682100000E-02   2.223237966500000E-01   3.000000000000000E+02
   9.021102393599999E-03   5.945667350200000E-02   4.122590509400000E-01   3.639769011600000E-02   9.983524774700001E-02   2.241625134500000E-01   3.000000000000000E+02
   9.212877345500000E-03   5.981126161700000E-02   4.149684795100000E-01   3.699132998700000E-02   1.007736141800000E-01   2.258330265000000E-01   3.000000000000000E+02
   9.389357710000001E-03   6.013691590200000E-02   4.174522706200000E-01   3.753716147800000E-02   1.016326109500000E-01   2.273507912500000E-01   3.000000000000000E+02
   9.551553798799999E-03   6.043573049200000E-02   4.197274415200000E-01   3.803848483900000E-02   1.024183989000000E-01   2.287298338400000E-01   3.000000000000000E+02
   9.700451184600001E-03   6.070969331100000E-02   4.218100757200000E-01   3.849847638900000E-02   1.031367762200000E-01   2.299828835900000E-01   3.000000000000000E+02
   9.800477644300001E-03   6.089357159300000E-02   4.232061086900000E-01   3.880739001200000E-02   1.036178168900000E-01   2.308179144700000E-01   3.000000000000000E+02
   9.867499054600000E-03   6.101671094600000E-02   4.241401560700000E-01   3.901433551000000E-02   1.039394483700000E-01   2.313744511400000E-01   3.000000000000000E+02
   9.912329392500000E-03   6.109905128500000E-02   4.247643906200000E-01   3.915274571300000E-02   1.041542841800000E-01   2.317454082300000E-01   3.000000000000000E+02
   9.942282552399999E-03   6.115405520000000E-02   4.251812135800000E-01   3.924521810500000E-02   1.042976981700000E-01   2.319926829000000E-01   3.000000000000000E+02
   9.962280738300000E-03   6.119077363700000E-02   4.254593825000000E-01   3.930695449700000E-02   1.043933862800000E-01   2.321575192800000E-01   3.000000000000000E+02
   9.975625922400000E-03   6.121527447900000E-02   4.256449591900000E-01   3.934815122100000E-02   1.044572146500000E-01   2.322674042400000E-01   3.000000000000000E+02
   9.984528512900000E-03   6.123161811000000E-02   4.257687630200000E-01   3.937563362200000E-02   1.044997917800000E-01   2.323406582200000E-01   3.000000000000000E+02
   9.990466150300000E-03   6.124251819300000E-02   4.258513140100000E-01   3.939396247700000E-02   1.045281788900000E-01   2.323894930200000E-01   3.000000000000000E+02
   9.994425720300000E-03   6.124978684100000E-02   4.259063594900000E-01   3.940618498600000E-02   1.045471068100000E-01   2.324220490400000E-01   3.000000000000000E+02
   9.997065942499999E-03   6.125463346200000E-02   4.259430558300000E-01   3.941433564500000E-02   1.045597253200000E-01   2.324437528100000E-01   3.000000000000000E+02
   9.998826316800000E-03   6.125786492400000E-02   4.259675247900000E-01   3.941976962600000E-02   1.045681391700000E-01   2.324582218900000E-01   3.000000000000000E+02
   1.000000000000000E-02   6.126001940000000E-02   4.259838384300000E-01   3.942339256700000E-02   1.045737486800000E-01   2.324678679000000E-01   3.000000000000000E+02
   1.000117376400000E-02   6.126217401200000E-02   4.260001528900000E-01   3.942701573800000E-02   1.045793584200000E-01   2.324775138700000E-01   3.000000000000000E+02
   1.000293456000000E-02   6.126540618400000E-02   4.260246260800000E-01   3.943245092600000E-02   1.045877734400000E-01   2.324919827600000E-01   3.000000000000000E+02
   1.000557609400000E-02   6.127025501300000E-02   4.260613431800000E-01   3.944060572400000E-02   1.046003991200000E-01   2.325136859300000E-01   3.000000000000000E+02
   1.000953915700000E-02   6.127752954100000E-02   4.261164209400000E-01   3.945283906900000E-02   1.046193367300000E-01   2.325462403400000E-01   3.000000000000000E+02
   1.001548546700000E-02   6.128844422500000E-02   4.261990548400000E-01   3.947119399600000E-02   1.046477479300000E-01   2.325950711600000E-01   3.000000000000000E+02
   1.002440879300000E-02   6.130482276300000E-02   4.263230626200000E-01   3.949873863500000E-02   1.046903734800000E-01   2.326683156200000E-01   3.000000000000000E+02
   1.003780246300000E-02   6.132940522900000E-02   4.265091471100000E-01   3.954008225300000E-02   1.047543401200000E-01   2.327781783100000E-01   3.000000000000000E+02
   1.005791248900000E-02   6.136631194500000E-02   4.267884705300000E-01   3.960215606600000E-02   1.048503444300000E-01   2.329429633400000E-01   3.000000000000000E+02
   1.008812140600000E-02   6.142174642500000E-02   4.272078946500000E-01   3.969539956700000E-02   1.049944679300000E-01   2.331901205700000E-01   3.000000000000000E+02
   1.013353335900000E-02   6.150506594600000E-02   4.278380716100000E-01   3.983556397500000E-02   1.052109405000000E-01   2.335608105800000E-01   3.000000000000000E+02
   1.020187258000000E-02   6.163042410200000E-02   4.287855855500000E-01   4.004648426600000E-02   1.055362663000000E-01   2.341167420400000E-01   3.000000000000000E+02
   1.030487754300000E-02   6.181931827900000E-02   4.302120349100000E-01   4.036438230900000E-02   1.060256485400000E-01   2.349504048100000E-01   3.000000000000000E+02
   1.046049498400000E-02   6.210460287800000E-02   4.323633837500000E-01   4.084465011300000E-02   1.067628404900000E-01   2.362003665700000E-01   3.000000000000000E+02
   1.063320028100000E-02   6.242113700500000E-02   4.347460612500000E-01   4.137769491900000E-02   1.075780836600000E-01   2.375745763800000E-01   3.000000000000000E+02
   1.082500340000000E-02   6.277265737100000E-02   4.373867403400000E-01   4.196980685300000E-02   1.084800315700000E-01   2.390852867700000E-01   3.000000000000000E+02
   1.103817008600000E-02   6.316341714400001E-02   4.403154398200000E-01   4.262811564800000E-02   1.094784021500000E-01   2.407459353900000E-01   3.000000000000000E+02
   1.127525483000000E-02   6.359827234500000E-02   4.435661827100000E-01   4.336072527500000E-02   1.105840751600000E-01   2.425712524800000E-01   3.000000000000000E+02
   1.153913687500000E-02   6.408278617600000E-02   4.471775397700000E-01   4.417685842100000E-02   1.118092464000000E-01   2.445773771900000E-01   3.000000000000000E+02
   1.183305839800000E-02   6.462335544500000E-02   4.511932699000000E-01   4.508703245500000E-02   1.131676157200000E-01   2.467819819100000E-01   3.000000000000000E+02
   1.216066332700000E-02   6.522736462900000E-02   4.556632026800000E-01   4.610326033400000E-02   1.146744964300000E-01   2.492044045700000E-01   3.000000000000000E+02
   1.252603391900000E-02   6.590337463800000E-02   4.606442746400000E-01   4.723927962400000E-02   1.163470948100000E-01   2.518657883100000E-01   3.000000000000000E+02
   1.293372012100000E-02   6.666135537200001E-02   4.662015273400000E-01   4.851081303800000E-02   1.182046483200000E-01   2.547892274700000E-01   3.000000000000000E+02
   1.338875341000000E-02   6.751297369800000E-02   4.724094084000000E-01   4.993585817500000E-02   1.202686748300000E-01   2.579999183400000E-01   3.000000000000000E+02
   1.389663152100000E-02   6.847195172700000E-02   4.793534516600000E-01   5.153499866400000E-02   1.225630829000000E-01   2.615253118900000E-01   3.000000000000000E+02
   1.446325224800000E-02   6.955451421400000E-02   4.871318306100000E-01   5.333171983100000E-02   1.251143289800000E-01   2.653952645500000E-01   3.000000000000000E+02
   1.509476176400000E-02   7.077994850800000E-02   4.958573092200000E-01   5.535269737100000E-02   1.279513627600000E-01   2.696421808900000E-01   3.000000000000000E+02
   1.579726353000000E-02   7.217130518600000E-02   5.056591832700000E-01   5.762798769900000E-02   1.311054174700000E-01   2.743011387400000E-01   3.000000000000000E+02
   1.657630503900000E-02   7.375627091900000E-02   5.166850571500000E-01   6.019101726900000E-02   1.346093841000000E-01   2.794099817100000E-01   3.000000000000000E+02
   1.743601855200000E-02   7.556824376100001E-02   5.291021756700000E-01   6.307815527799999E-02   1.384965312800000E-01   2.850093543200000E-01   3.000000000000000E+02
   1.837773781000000E-02   7.764762742000000E-02   5.430971776700000E-01   6.632755801500000E-02   1.427981380400000E-01   2.911426361100000E-01   3.000000000000000E+02
   1.939785258800000E-02   8.004331956999999E-02   5.588731848700000E-01   6.997670209699999E-02   1.475394551500000E-01   2.978556958600000E-01   3.000000000000000E+02
   2.048462675800000E-02   8.281427085300000E-02   5.766411632100000E-01   7.405781923400000E-02   1.527329931900000E-01   3.051963178500000E-01   3.000000000000000E+02
   2.161377632900000E-02   8.603078886500000E-02   5.966014539000000E-01   7.859000650100000E-02   1.583681058900000E-01   3.132130263000000E-01   3.000000000000000E+02
   2.274296769000000E-02   8.977490356100000E-02   6.189095624500000E-01   8.356676939700000E-02   1.643955507600000E-01   3.219528244900000E-01   3.000000000000000E+02
   2.371844816100000E-02   9.373115043200000E-02   6.413707207000000E-01   8.845679486400000E-02   1.701500399700000E-01   3.305973776600000E-01   3.000000000000000E+02
   2.450841802600000E-02   9.788855582100001E-02   6.637193880000000E-01   9.317404501600000E-02   1.755332880600000E-01   3.391296425700000E-01   3.000000000000000E+02
   2.509005466300000E-02   1.022291995000000E-01   6.856647519900000E-01   9.763438656900000E-02   1.804549205700000E-01   3.475298893500000E-01   3.000000000000000E+02
   2.545250072600000E-02   1.067294253000000E-01   7.069148227900000E-01   1.017640554000000E-01   1.848420597400000E-01   3.557760864700000E-01   3.000000000000000E+02
   2.559789546100000E-02   1.113624990400000E-01   7.272056029000000E-01   1.055073967100000E-01   1.886472664800000E-01   3.638452603300000E-01   3.000000000000000E+02
   2.560196919300000E-02   1.123081747700000E-01   7.311516581200000E-01   1.062104128200000E-01   1.893403109900000E-01   3.654451063600000E-01   3.000000000000000E+02
   2.549807846900000E-02   1.172570490300000E-01   7.507405683400000E-01   1.095681378300000E-01   1.925356736800000E-01   3.735790966300000E-01   3.000000000000000E+02
   2.520474379200000E-02   1.222980326900000E-01   7.689099598100000E-01   1.124668727900000E-01   1.951034721600000E-01   3.814820126900000E-01   3.000000000000000E+02
   2.475347311000000E-02   1.274008699500000E-01   7.855534445200000E-01   1.149156329900000E-01   1.970798867300000E-01   3.891158909900000E-01   3.000000000000000E+02
   2.417666939200000E-02   1.325485541000000E-01   8.006670069600000E-01   1.169451771500000E-01   1.985238843000000E-01   3.964580762800000E-01   3.000000000000000E+02
   2.350508118500000E-02   1.377274785500000E-01   8.142981397600000E-01   1.185955036600000E-01   1.995032039900000E-01   4.034866230700000E-01   3.000000000000000E+02
   2.276643951100000E-02   1.429258923500000E-01   8.265309201900000E-01   1.199109259900000E-01   2.000882861300000E-01   4.101808401400000E-01   3.000000000000000E+02
   2.198491179900000E-02   1.481325894300000E-01   8.374738523500000E-01   1.209366348800000E-01   2.003479302400000E-01   4.165224755600000E-01   3.000000000000000E+02
   2.118100486600000E-02   1.533361090500000E-01   8.472497541900000E-01   1.217164283400000E-01   2.003464737400000E-01   4.224972423800000E-01   3.000000000000000E+02
   2.037166848200000E-02   1.585245253700000E-01   8.559875948200000E-01   1.222912734600000E-01   2.001421087500000E-01   4.280962896200000E-01   3.000000000000000E+02
   1.957048325600000E-02   1.636857291600000E-01   8.638150807100000E-01   1.226984077200000E-01   1.997857535200000E-01   4.333172297000000E-01   3.000000000000000E+02
   1.878790435700000E-02   1.688079978600000E-01   8.708524985700000E-01   1.229707889000000E-01   1.993206804300000E-01   4.381644654400000E-01   3.000000000000000E+02
   1.803156582600000E-02   1.738806255300000E-01   8.772079987700000E-01   1.231368707100000E-01   1.987825600200000E-01   4.426487639400000E-01   3.000000000000000E+02
   1.730664520100000E-02   1.788944321600000E-01   8.829751152000000E-01   1.232206115200000E-01   1.981997587800000E-01   4.467862199600000E-01   3.000000000000000E+02
   1.661626979100000E-02   1.838420586600000E-01   8.882324730300000E-01   1.232417313200000E-01   1.975942575900000E-01   4.505968671700000E-01   3.000000000000000E+02
   1.596193284400000E-02   1.887180379900000E-01   8.930451887200000E-01   1.232161095800000E-01   1.969824170900000E-01   4.541032101300000E-01   3.000000000000000E+02
   1.534388689300000E-02   1.935186880800000E-01   8.974669562000001E-01   1.231562955900000E-01   1.963760515800000E-01   4.573288880800000E-01   3.000000000000000E+02
   1.476149000200000E-02   1.982418928600000E-01   9.015423983900001E-01   1.230720398700000E-01   1.957832904300000E-01   4.602975907100000E-01   3.000000000000000E+02
   1.421349253200000E-02   2.028868332300000E-01   9.053090883800000E-01   1.229708034100000E-01   1.952095347500000E-01   4.630322630500000E-01   3.000000000000000E+02
   1.369826261300000E-02   2.074537136500000E-01   9.087991627499999E-01   1.228582253900000E-01   1.946580194100000E-01   4.655545807300000E-01   3.000000000000000E+02
   1.321395554600000E-02   2.119435119900000E-01   9.120403425500000E-01   1.227385172400000E-01   1.941304614400000E-01   4.678846484300000E-01   3.000000000000000E+02
   1.275863589900000E-02   2.163577658700000E-01   9.150569341400000E-01   1.226147870600000E-01   1.936274861000000E-01   4.700408664400000E-01   3.000000000000000E+02
   1.233036195800000E-02   2.206983987100000E-01   9.178702899000000E-01   1.224893056000000E-01   1.931489880300000E-01   4.720399147300000E-01   3.000000000000000E+02
   1.192724151700000E-02   2.249675831000000E-01   9.204993312200000E-01   1.223637113800000E-01   1.926943856200000E-01   4.738968128200000E-01   3.000000000000000E+02
   1.154746662100000E-02   2.291676367900000E-01   9.229608642700000E-01   1.222391694300000E-01   1.922627445500000E-01   4.756250243600000E-01   3.000000000000000E+02
   1.118933333200000E-02   2.333009452300000E-01   9.252698435100000E-01   1.221164926200000E-01   1.918529783300000E-01   4.772365844200000E-01   3.000000000000000E+02
   1.085125114100000E-02   2.373699054700000E-01   9.274396453300000E-01   1.219962356900000E-01   1.914638893800000E-01   4.787422345700000E-01   3.000000000000000E+02
   1.053174542200000E-02   2.413768864200000E-01   9.294822088800000E-01   1.218787640300000E-01   1.910943183500000E-01   4.801515566000000E-01   3.000000000000000E+02
   1.022945541100000E-02   2.453242016100000E-01   9.314081952200000E-01   1.217643013000000E-01   1.907429976900000E-01   4.814730993000000E-01   3.000000000000000E+02
   9.943129403499999E-03   2.492140912200000E-01   9.332271848600000E-01   1.216529711900000E-01   1.904088037400000E-01   4.827144954700000E-01   3.000000000000000E+02
   9.671618392900001E-03   2.530487109900000E-01   9.349477741600000E-01   1.215448259900000E-01   1.900905965900000E-01   4.838825678700000E-01   3.000000000000000E+02
   9.413868925100001E-03   2.568301260200000E-01   9.365777099700000E-01   1.214398669100000E-01   1.897873678800000E-01   4.849834240400000E-01   3.000000000000000E+02
   9.168915717900000E-03   2.605603081600000E-01   9.381239555200001E-01   1.213380573500000E-01   1.894981442300000E-01   4.860225403900000E-01   3.000000000000000E+02
   8.935874373000001E-03   2.642411358900000E-01   9.395927872600000E-01   1.212393377100000E-01   1.892219801300000E-01   4.870048362800000E-01   3.000000000000000E+02
   8.713019488100000E-03   2.678896425500000E-01   9.409956633300000E-01   1.211432305100000E-01   1.889569450500000E-01   4.879385611400000E-01   3.000000000000000E+02
   8.502534234500000E-03   2.714586516600000E-01   9.423193043100000E-01   1.210509218500000E-01   1.887057790000000E-01   4.888154858500000E-01   3.000000000000000E+02
   8.323666803200000E-03   2.745912569100000E-01   9.434432613300000E-01   1.209712988900000E-01   1.884916280200000E-01   4.895569438700000E-01   3.000000000000000E+02
   8.130823363500000E-03   2.780774098000000E-01   9.446542871500000E-01   1.208842296400000E-01   1.882600431800000E-01   4.903525393900000E-01   3.000000000000000E+02
   7.975092431900000E-03   2.809795855800000E-01   9.456318121100000E-01   1.208129789100000E-01   1.880724692000000E-01   4.909921808500000E-01   3.000000000000000E+02
   7.797333395000000E-03   2.843925523000000E-01   9.467472323400000E-01   1.207306145200000E-01   1.878576871800000E-01   4.917192252100000E-01   3.000000000000000E+02
   7.626234536500000E-03   2.877841796600000E-01   9.478205992400000E-01   1.206502808400000E-01   1.876502943500000E-01   4.924159526200000E-01   3.000000000000000E+02
   7.605932703700000E-03   2.881938314000000E-01   9.479479616800000E-01   1.206406797600000E-01   1.876256036100000E-01   4.924984232600000E-01   3.000000000000000E+02
   7.443609304300000E-03   2.915264327500000E-01   9.489661636200000E-01   1.205633749000000E-01   1.874281696400000E-01   4.931562881800000E-01   3.000000000000000E+02
   7.287100899600000E-03   2.948397004200000E-01   9.499478915000000E-01   1.204879255900000E-01   1.872371753200000E-01   4.937879888200000E-01   3.000000000000000E+02
   7.136853162900000E-03   2.981178634000000E-01   9.508904320500000E-01   1.204146327400000E-01   1.870532361800000E-01   4.943919623600000E-01   3.000000000000000E+02
   6.992508781900000E-03   3.013618902000000E-01   9.517960953500000E-01   1.203434048600000E-01   1.868760314700000E-01   4.949698357100000E-01   3.000000000000000E+02
   6.853730686600000E-03   3.045728137300000E-01   9.526670270599999E-01   1.202741488300000E-01   1.867051586500000E-01   4.955230775000000E-01   3.000000000000000E+02
   6.720205034100000E-03   3.077516212500000E-01   9.535052361200000E-01   1.202067689000000E-01   1.865403070900000E-01   4.960529794800000E-01   3.000000000000000E+02
   6.665776351500000E-03   3.090735380500000E-01   9.538469805799999E-01   1.201790854900000E-01   1.864729976500000E-01   4.962682328300000E-01   3.000000000000000E+02
   6.539857800700000E-03   3.121919971800000E-01   9.546377694800000E-01   1.201145392000000E-01   1.863170020200000E-01   4.967643264300000E-01   3.000000000000000E+02
   6.417843521700000E-03   3.152969924300000E-01   9.554042671700000E-01   1.200512879600000E-01   1.861655720300000E-01   4.972421248700000E-01   3.000000000000000E+02
   6.300152008800000E-03   3.183730495500000E-01   9.561438218200000E-01   1.199895693300000E-01   1.860192648200000E-01   4.976996597000000E-01   3.000000000000000E+02
   6.186552091800000E-03   3.214208775800000E-01   9.568578176000000E-01   1.199292738300000E-01   1.858779606100000E-01   4.981373926600000E-01   3.000000000000000E+02
   6.076821323300000E-03   3.244412669100000E-01   9.575475853600000E-01   1.198702821700000E-01   1.857414152200000E-01   4.985555986500000E-01   3.000000000000000E+02
   5.970748995900000E-03   3.274349814400000E-01   9.582143593400000E-01   1.198124692700000E-01   1.856095519300000E-01   4.989543372400000E-01   3.000000000000000E+02
   5.868134917200000E-03   3.304027602800000E-01   9.588592939100000E-01   1.197556952500000E-01   1.854822319300000E-01   4.993334405200000E-01   3.000000000000000E+02
   5.768788272900000E-03   3.333453199400000E-01   9.594834538900000E-01   1.196998128600000E-01   1.853593668800000E-01   4.996925001300000E-01   3.000000000000000E+02
   5.672526600600000E-03   3.362633563600000E-01   9.600878344500000E-01   1.196446584600000E-01   1.852409910900000E-01   5.000308540700000E-01   3.000000000000000E+02
   5.579174869400000E-03   3.391575466900000E-01   9.606733791600000E-01   1.195900558400000E-01   1.851269924300000E-01   5.003475732700000E-01   3.000000000000000E+02
   5.488564657500000E-03   3.420285508700000E-01   9.612409293200000E-01   1.195358126200000E-01   1.850174790800000E-01   5.006414485900000E-01   3.000000000000000E+02
   5.400533425900000E-03   3.448770129300000E-01   9.617913131700000E-01   1.194817184200000E-01   1.849124839800000E-01   5.009109782800000E-01   3.000000000000000E+02
   5.314923880700000E-03   3.477035619700000E-01   9.623252537600000E-01   1.194275458400000E-01   1.848120969000000E-01   5.011543563800001E-01   3.000000000000000E+02
   5.231583422300000E-03   3.505088128800000E-01   9.628434538400000E-01   1.193730476200000E-01   1.847164306900000E-01   5.013694623600000E-01   3.000000000000000E+02
   5.150363676400000E-03   3.532933666600000E-01   9.633465423499999E-01   1.193179567000000E-01   1.846256925400000E-01   5.015538521600000E-01   3.000000000000000E+02
   5.071120104700000E-03   3.560578104500000E-01   9.638351110200000E-01   1.192619858700000E-01   1.845400536500000E-01   5.017047512100000E-01   3.000000000000000E+02
   5.001326833000000E-03   3.585307691300000E-01   9.642631365500000E-01   1.192105691900000E-01   1.844675068100000E-01   5.018094229300000E-01   3.000000000000000E+02
   4.925869189400000E-03   3.612434940500000E-01   9.647230051600000E-01   1.191523841800000E-01   1.843927028000000E-01   5.018874982500000E-01   3.000000000000000E+02
   4.851566093400000E-03   3.639527886000000E-01   9.651723572300001E-01   1.190920465400000E-01   1.843234268100000E-01   5.019226999700001E-01   3.000000000000000E+02
   4.778704990300000E-03   3.666442184100000E-01   9.656090113200000E-01   1.190294997700000E-01   1.842603921300000E-01   5.019103976800000E-01   3.000000000000000E+02
   4.707159798800000E-03   3.693181852100000E-01   9.660332955399999E-01   1.189643512700000E-01   1.842040611400000E-01   5.018461759500000E-01   3.000000000000000E+02
   4.636804603100000E-03   3.719751709600000E-01   9.664455206800000E-01   1.188961858100000E-01   1.841548486100000E-01   5.017253036200000E-01   3.000000000000000E+02
   4.567516558300000E-03   3.746156328600000E-01   9.668459273200000E-01   1.188245656200000E-01   1.841132082500000E-01   5.015427458000000E-01   3.000000000000000E+02
   4.499176054700000E-03   3.772399992500000E-01   9.672347251800000E-01   1.187490354100000E-01   1.840796157300000E-01   5.012931825000000E-01   3.000000000000000E+02
   4.431666917600000E-03   3.798486660100000E-01   9.676120780000000E-01   1.186691180400000E-01   1.840546018700000E-01   5.009710318500000E-01   3.000000000000000E+02
   4.364876657800000E-03   3.824419925700000E-01   9.679780809000000E-01   1.185843201400000E-01   1.840387403100000E-01   5.005704780100000E-01   3.000000000000000E+02
   4.298696768200000E-03   3.850202979000000E-01   9.683327912000000E-01   1.184941316200000E-01   1.840325781800000E-01   5.000855040800000E-01   3.000000000000000E+02
   4.233023058600000E-03   3.875838563200000E-01   9.686762316700001E-01   1.183980275500000E-01   1.840367138500000E-01   4.995099298500000E-01   3.000000000000000E+02
   4.167756022600000E-03   3.901328934900000E-01   9.690083439000000E-01   1.182954714400000E-01   1.840517132700000E-01   4.988374543000000E-01   3.000000000000000E+02
   4.102801225300000E-03   3.926675825500000E-01   9.693290502000000E-01   1.181859145100000E-01   1.840782000200000E-01   4.980617027000000E-01   3.000000000000000E+02
   4.038069704600000E-03   3.951880407100000E-01   9.696382012800000E-01   1.180688018700000E-01   1.841167906300000E-01   4.971762776700000E-01   3.000000000000000E+02
   3.973478371300000E-03   3.976943262900000E-01   9.699356092600000E-01   1.179435717700000E-01   1.841680797300000E-01   4.961748137500000E-01   3.000000000000000E+02
   3.908950397200000E-03   4.001864366100000E-01   9.702210299900000E-01   1.178096607200000E-01   1.842326151900000E-01   4.950510345200000E-01   3.000000000000000E+02
   3.844415577100000E-03   4.026643065600000E-01   9.704941871700000E-01   1.176665037300000E-01   1.843109976200000E-01   4.937988112800000E-01   3.000000000000000E+02
   3.779810652300000E-03   4.051278082700000E-01   9.707547382600000E-01   1.175135395000000E-01   1.844037120100000E-01   4.924122221200000E-01   3.000000000000000E+02
   3.715079579800000E-03   4.075767518400000E-01   9.710023115999999E-01   1.173502118700000E-01   1.845113067000000E-01   4.908856099300000E-01   3.000000000000000E+02
   3.650173738500000E-03   4.100108871100000E-01   9.712364897400000E-01   1.171759730200000E-01   1.846341764400000E-01   4.892136379600000E-01   3.000000000000000E+02
   3.585052058800000E-03   4.124299067300000E-01   9.714568165800000E-01   1.169902844800000E-01   1.847727391300000E-01   4.873913414600000E-01   3.000000000000000E+02
   3.519681069000000E-03   4.148334501200000E-01   9.716628106700000E-01   1.167926218900000E-01   1.849273630300000E-01   4.854141738100000E-01   3.000000000000000E+02
   3.454034853400000E-03   4.172211086200000E-01   9.718539440700000E-01   1.165824745000000E-01   1.850982846400000E-01   4.832780459600000E-01   3.000000000000000E+02
   3.388094919000000E-03   4.195924313300000E-01   9.720296734000000E-01   1.163593477500000E-01   1.852857946500000E-01   4.809793578900000E-01   3.000000000000000E+02
   3.321849974500000E-03   4.219469316900000E-01   9.721894317999999E-01   1.161227647100000E-01   1.854899586400000E-01   4.785150213300000E-01   3.000000000000000E+02
   3.255295624800000E-03   4.242840944300000E-01   9.723326341300000E-01   1.158722665700000E-01   1.857108759100000E-01   4.758824730900000E-01   3.000000000000000E+02
   3.188433992300000E-03   4.266033827300000E-01   9.724586687700000E-01   1.156074127200000E-01   1.859485565700000E-01   4.730796788500000E-01   3.000000000000000E+02
   3.121273274100000E-03   4.289042452700000E-01   9.725669370700000E-01   1.153277809100000E-01   1.862029161200000E-01   4.701051275600000E-01   3.000000000000000E+02
   3.120886174900000E-03   4.289174237400000E-01   9.725675083799999E-01   1.153261292700000E-01   1.862044302600000E-01   4.700875212400000E-01   3.000000000000000E+02
   3.053731641600000E-03   4.311893374100000E-01   9.726569252700000E-01   1.150325395000000E-01   1.864742096900000E-01   4.669532419600000E-01   3.000000000000000E+02
   2.986020460600000E-03   4.334515861600000E-01   9.727277588300000E-01   1.147221427100000E-01   1.867614512100000E-01   4.636324953500000E-01   3.000000000000000E+02
   2.918064543600000E-03   4.356937877500000E-01   9.727789594600000E-01   1.143957986200000E-01   1.870647389400000E-01   4.601383365400000E-01   3.000000000000000E+02
   2.849892860800000E-03   4.379153387700000E-01   9.728099049600000E-01   1.140531585900000E-01   1.873837144500000E-01   4.564712088300000E-01   3.000000000000000E+02
   2.781536174200000E-03   4.401157032000000E-01   9.728199786300000E-01   1.136938807300000E-01   1.877179803100000E-01   4.526318605800000E-01   3.000000000000000E+02
   2.713028152600000E-03   4.422943603500000E-01   9.728085755500000E-01   1.133176345400000E-01   1.880670524600000E-01   4.486213812100000E-01   3.000000000000000E+02
   2.644404900900000E-03   4.444508062900000E-01   9.727750800300000E-01   1.129241003500000E-01   1.884304677600000E-01   4.444411585300000E-01   3.000000000000000E+02
   2.573823483900000E-03   4.466426317200000E-01   9.727170540000000E-01   1.125014643700000E-01   1.888181575900000E-01   4.399714757700000E-01   3.000000000000000E+02
   2.505316119600000E-03   4.487455259000000E-01   9.726372803200000E-01   1.120734089200000E-01   1.892075057200000E-01   4.354678400700000E-01   3.000000000000000E+02
   2.436583483600000E-03   4.508318864200000E-01   9.725334233800000E-01   1.116257428400000E-01   1.896106327100000E-01   4.307852094300000E-01   3.000000000000000E+02
   2.367896339100000E-03   4.528942125300000E-01   9.724051356100000E-01   1.111595744400000E-01   1.900256543700000E-01   4.259405107300000E-01   3.000000000000000E+02
   2.299298379200000E-03   4.549320503300000E-01   9.722518512700000E-01   1.106746240400000E-01   1.904518282900000E-01   4.209360769600000E-01   3.000000000000000E+02
   2.249295130900000E-03   4.564042023900000E-01   9.721238341600000E-01   1.103085297700000E-01   1.907696158900000E-01   4.171827174100000E-01   3.000000000000000E+02
   2.181174630700000E-03   4.583922897700000E-01   9.719266812600000E-01   1.097921286900000E-01   1.912119651000000E-01   4.119247840000000E-01   3.000000000000000E+02
   2.113041309000000E-03   4.603612560100000E-01   9.717024457800000E-01   1.092545466400000E-01   1.916648972300000E-01   4.064968097400000E-01   3.000000000000000E+02
   2.108114341500000E-03   4.605029016000000E-01   9.716851528200000E-01   1.092148325100000E-01   1.916980487800000E-01   4.060976654900000E-01   3.000000000000000E+02
   2.040424644600000E-03   4.624390881100000E-01   9.714325781499999E-01   1.086574339400000E-01   1.921588093700000E-01   4.005223391100000E-01   3.000000000000000E+02
   2.015581023400000E-03   4.631451921000000E-01   9.713327188000001E-01   1.084472371300000E-01   1.923303636300000E-01   3.984328055700000E-01   3.000000000000000E+02
   1.948299656800000E-03   4.650456039000000E-01   9.710423950600000E-01   1.078623258000000E-01   1.928013158000000E-01   3.926553035900000E-01   3.000000000000000E+02
   1.881216094000000E-03   4.669236483800000E-01   9.707230791400000E-01   1.072555781800000E-01   1.932799871700000E-01   3.867189907600000E-01   3.000000000000000E+02
   1.814536211500000E-03   4.687743396300000E-01   9.703749056300000E-01   1.066281139700000E-01   1.937643679500000E-01   3.806398206200000E-01   3.000000000000000E+02
   1.748305172900000E-03   4.705972479500000E-01   9.699973666900000E-01   1.059796896400000E-01   1.942537309900000E-01   3.744201029500000E-01   3.000000000000000E+02
   1.683394139600000E-03   4.723694759800000E-01   9.695952698200000E-01   1.053186482900000E-01   1.947409796600000E-01   3.681431458600000E-01   3.000000000000000E+02
   1.618307038200000E-03   4.741326902600000E-01   9.691586593500000E-01   1.046291461300000E-01   1.952368777200000E-01   3.616626296000000E-01   3.000000000000000E+02
   1.553684226500000E-03   4.758700480100000E-01   9.686903801200000E-01   1.039167595600000E-01   1.957362721500000E-01   3.550363661500000E-01   3.000000000000000E+02
   1.489690377700000E-03   4.775778413900000E-01   9.681907035200000E-01   1.031825174400000E-01   1.962374092600000E-01   3.482781165200000E-01   3.000000000000000E+02
   1.426371839300000E-03   4.792555727900000E-01   9.676591303600000E-01   1.024262313200000E-01   1.967394835400000E-01   3.413899630000000E-01   3.000000000000000E+02
   1.363775099600000E-03   4.809027329100000E-01   9.670951751700000E-01   1.016477257100000E-01   1.972416948200000E-01   3.343739300300000E-01   3.000000000000000E+02
   1.301947097800000E-03   4.825187926000000E-01   9.664983624500000E-01   1.008468444300000E-01   1.977432156100000E-01   3.272320187900000E-01   3.000000000000000E+02
   1.240935255100000E-03   4.841032023700000E-01   9.658682168100000E-01   1.000234515900000E-01   1.982432436400000E-01   3.199662151100000E-01   3.000000000000000E+02
   1.180787497400000E-03   4.856553921200000E-01   9.652042782200000E-01   9.917743461300001E-02   1.987409592700000E-01   3.125784980400000E-01   3.000000000000000E+02
   1.121552268000000E-03   4.871747711800000E-01   9.645061109500001E-01   9.830870564300000E-02   1.992355422600000E-01   3.050708488300000E-01   3.000000000000000E+02
   1.063278531100000E-03   4.886607285200000E-01   9.637732765500000E-01   9.741720445900000E-02   1.997261762900000E-01   2.974452603000000E-01   3.000000000000000E+02
   1.063207568200000E-03   4.886625328300000E-01   9.637723548100000E-01   9.741609550499999E-02   1.997267706900000E-01   2.974358225200000E-01   3.000000000000000E+02
   1.005998829000000E-03   4.901130614900000E-01   9.630051340300000E-01   9.650262430600000E-02   2.002121708600000E-01   2.897014188600000E-01   3.000000000000000E+02
   9.497973844500000E-04   4.915302518500000E-01   9.622017482800000E-01   9.556551327399999E-02   2.006924800900000E-01   2.818459994100000E-01   3.000000000000000E+02
   8.947072625500000E-04   4.929120730700000E-01   9.613625289100000E-01   9.460563556000000E-02   2.011663854200000E-01   2.738787770200000E-01   3.000000000000000E+02
   8.407793716800000E-04   4.942578386800000E-01   9.604871348900000E-01   9.362306424100000E-02   2.016330869800000E-01   2.658018955600000E-01   3.000000000000000E+02
   7.880649184600000E-04   4.955668482600000E-01   9.595752469600000E-01   9.261791004700000E-02   2.020917527900000E-01   2.576175499500000E-01   3.000000000000000E+02
   7.366153991800000E-04   4.968383875500000E-01   9.586265886200001E-01   9.159032445600000E-02   2.025415955000000E-01   2.493280036700000E-01   3.000000000000000E+02
   7.365773049400000E-04   4.968393268300000E-01   9.586258635900000E-01   9.158954548300000E-02   2.025419333400000E-01   2.493217484700000E-01   3.000000000000000E+02
   6.864734745300000E-04   4.980719522600000E-01   9.576407302900000E-01   9.054030815899999E-02   2.029818882900000E-01   2.409340537100000E-01   3.000000000000000E+02
   6.377093199000000E-04   4.992663545600000E-01   9.566178277100000E-01   8.946848433900000E-02   2.034116741300000E-01   2.324411991400000E-01   3.000000000000000E+02
   5.903654279600000E-04   5.004210804500000E-01   9.555575439400000E-01   8.837494827700000E-02   2.038302579400000E-01   2.238504276900000E-01   3.000000000000000E+02
   5.444935236900000E-04   5.015353801200000E-01   9.544597564800000E-01   8.726003409499999E-02   2.042368340500000E-01   2.151643629800000E-01   3.000000000000000E+02
   5.001450664400000E-04   5.026085015100000E-01   9.533244094700000E-01   8.612412551300000E-02   2.046306254600000E-01   2.063857323600000E-01   3.000000000000000E+02
   4.573711279700000E-04   5.036396924900000E-01   9.521514932700000E-01   8.496765709699999E-02   2.050108823400000E-01   1.975173761600000E-01   3.000000000000000E+02
   4.174819703500000E-04   5.045979920900000E-01   9.509794236100000E-01   8.382814940699999E-02   2.053656626400000E-01   1.888431432400000E-01   3.000000000000000E+02
   3.779670978400000E-04   5.055441562300000E-01   9.497331669800000E-01   8.263305474800001E-02   2.057169866100000E-01   1.798097553100000E-01   3.000000000000000E+02
   3.401618408600000E-04   5.064464903200000E-01   9.484493188499999E-01   8.141862660800001E-02   2.060526992100000E-01   1.706929543300000E-01   3.000000000000000E+02
   3.041268501900000E-04   5.073039669700000E-01   9.471285366100000E-01   8.018588285100001E-02   2.063719884100000E-01   1.614988994600000E-01   3.000000000000000E+02
   2.707545082200000E-04   5.080958404800000E-01   9.458060756800000E-01   7.896746956200000E-02   2.066667641700000E-01   1.524671638400000E-01   3.000000000000000E+02
   2.383585303100000E-04   5.088625030200000E-01   9.444138305799999E-01   7.770096571000000E-02   2.069515914200000E-01   1.431330822400000E-01   3.000000000000000E+02
   2.078595754600000E-04   5.095824491600000E-01   9.429856616900000E-01   7.641808002100001E-02   2.072181608500000E-01   1.337302056700000E-01   3.000000000000000E+02
   1.793075782500000E-04   5.102548481500000E-01   9.415225546000000E-01   7.511996676300001E-02   2.074657346600000E-01   1.242645931600000E-01   3.000000000000000E+02
   1.527425695700000E-04   5.108790856400000E-01   9.400252938100000E-01   7.380753105200000E-02   2.076937387300000E-01   1.147402153300000E-01   3.000000000000000E+02
   1.282024242700000E-04   5.114545789500000E-01   9.384948047900000E-01   7.248172633600000E-02   2.079016872800000E-01   1.051611639000000E-01   3.000000000000000E+02
   1.057226816000000E-04   5.119807801100000E-01   9.369321745100000E-01   7.114355237700000E-02   2.080890317500000E-01   9.553164765500000E-02   3.000000000000000E+02
   8.533636957199999E-05   5.124571788900000E-01   9.353386874700000E-01   6.979405322700000E-02   2.082552778700000E-01   8.585598664100000E-02   3.000000000000000E+02
   8.533146892200000E-05   5.124572933200000E-01   9.353382796700001E-01   6.979370973000000E-02   2.082553174700000E-01   8.585352800399999E-02   3.000000000000000E+02
   6.707269361600000E-05   5.128833322900000E-01   9.337157453700000E-01   6.843422316200000E-02   2.084000169500000E-01   7.613795762500000E-02   3.000000000000000E+02
   6.862961234000000E-05   5.128470277000000E-01   9.338630512200000E-01   6.855706932699999E-02   2.083878387500000E-01   7.701467916800001E-02   3.000000000000000E+02
   5.232660822100000E-05   5.132269675600000E-01   9.322153967200000E-01   6.718924664900000E-02   2.085126483100000E-01   6.726510962100000E-02   3.000000000000000E+02
   3.819404794500000E-05   5.135559375199999E-01   9.305418905500000E-01   6.581310107400000E-02   2.086151927900000E-01   5.748068838000000E-02   3.000000000000000E+02
   3.256597772300000E-05   5.136868446600000E-01   9.297834997700000E-01   6.519341314200000E-02   2.086538865200000E-01   5.308161128200000E-02   3.000000000000000E+02
   2.162124845600000E-05   5.139412530300000E-01   9.280782421400000E-01   6.380787310600000E-02   2.087236518700000E-01   4.325894745300000E-02   3.000000000000000E+02
   1.289611211200000E-05   5.141439138300000E-01   9.263555309200000E-01   6.241704436200000E-02   2.087704785000000E-01   3.341360842100000E-02   3.000000000000000E+02
   6.405735381900000E-06   5.142945792300000E-01   9.246216812700000E-01   6.102234878400000E-02   2.087941511800000E-01   2.355167569900000E-02   3.000000000000000E+02
   2.160307042400000E-06   5.143930905600000E-01   9.228873726300000E-01   5.962504897400000E-02   2.087944808000000E-01   1.367802363800000E-02   3.000000000000000E+02
   9.999999827000000E-07   5.144200088600001E-01   9.221252862100000E-01   5.900620879200000E-02   2.087871703100000E-01   9.306220342300000E-03   3.000000000000000E+02

