1 0.3700000000000000 0.1316550000000000 0.0000010000000000 0.0000000000000000 0.0000000000000000 0.0000000000000000 0.0000000000000000 0.0000000000000000 0.0000000000000000 0.0036892754373000 300.0000000000000000 0.0000000000000000 0.0000000000000000 0.0000000000000000 1.0000000000000000 0.0000000000000000
2 0.3700000000000000 0.1316550000000000 0.0000087485042541 0.0000000000000000 0.0000000000000000 0.0000000000000000 0.0000000000000000 0.0000000000000000 0.0000000000000000 0.0108819911120000 300.0000000000000000 0.0000000000000000 0.0000000000000000 0.0000000000000000 1.0000000000000000 0.0000000000000000
3 0.3700000000000000 0.1316550000000000 0.0008109185830100 0.0000000000000000 0.0000000000000000 0.0000000000000000 0.0000000000000000 0.0000000000000000 0.0000000000000000 0.0900976700880000 300.0000000000000000 0.0000000000000000 0.0000000000000000 0.0000000000000000 1.0000000000000000 0.0000000000000000
4 0.3700000000000000 0.1316550000000000 0.0047805080066000 0.0000000000000000 0.0000000000000000 0.0000000000000000 0.0000000000000000 0.0000000000000000 0.0000000000000000 0.1787839110300000 300.0000000000000000 0.0000000000000000 0.0000000000000000 0.0000000000000000 1.0000000000000000 0.0000000000000000
5 0.3700000000000000 0.1316550000000000 0.0083438381228000 0.0000000000000000 0.0000000000000000 0.0000000000000000 0.0000000000000000 0.0000000000000000 0.0000000000000000 0.2180718877800000 300.0000000000000000 0.0000000000000000 0.0000000000000000 0.0000000000000000 1.0000000000000000 0.0000000000000000
6 0.3700000000000000 0.1316550000000000 0.0099123293925000 0.0000000000000000 0.0000000000000000 0.0000000000000000 0.0000000000000000 0.0000000000000000 0.0000000000000000 0.2317454082300000 300.0000000000000000 0.0000000000000000 0.0000000000000000 0.0000000000000000 1.0000000000000000 0.0000000000000000
7 0.3700000000000000 0.1316550000000000 0.0100881214060000 0.0000000000000000 0.0000000000000000 0.0000000000000000 0.0000000000000000 0.0000000000000000 0.0000000000000000 0.2331901205700000 300.0000000000000000 0.0000000000000000 0.0000000000000000 0.0000000000000000 1.0000000000000000 0.0000000000000000
8 0.3700000000000000 0.1316550000000000 0.0118330583980000 0.0000000000000000 0.0000000000000000 0.0000000000000000 0.0000000000000000 0.0000000000000000 0.0000000000000000 0.2467819819100000 300.0000000000000000 0.0000000000000000 0.0000000000000000 0.0000000000000000 1.0000000000000000 0.0000000000000000
9 0.3700000000000000 0.1316550000000000 0.0174360185520000 0.0000000000000000 0.0000000000000000 0.0000000000000000 0.0000000000000000 0.0000000000000000 0.0000000000000000 0.2850093543200000 300.0000000000000000 0.0000000000000000 0.0000000000000000 0.0000000000000000 1.0000000000000000 0.0000000000000000
10 0.3700000000000000 0.1316550000000000 0.0255978954610000 0.0000000000000000 0.0000000000000000 0.0000000000000000 0.0000000000000000 0.0000000000000000 0.0000000000000000 0.3638452603300000 300.0000000000000000 0.0000000000000000 0.0000000000000000 0.0000000000000000 1.0000000000000000 0.0000000000000000
11 0.3700000000000000 0.1316550000000000 0.0256019691930000 0.0000000000000000 0.0000000000000000 0.0000000000000000 0.0000000000000000 0.0000000000000000 0.0000000000000000 0.3654451063600000 300.0000000000000000 0.0000000000000000 0.0000000000000000 0.0000000000000000 1.0000000000000000 0.0000000000000000
12 0.3700000000000000 0.1316550000000000 0.0203716684820000 0.0000000000000000 0.0000000000000000 0.0000000000000000 0.0000000000000000 0.0000000000000000 0.0000000000000000 0.4280962896200000 300.0000000000000000 0.0000000000000000 0.0000000000000000 0.0000000000000000 1.0000000000000000 0.0000000000000000
13 0.3700000000000000 0.1316550000000000 0.0136982626130000 0.0000000000000000 0.0000000000000000 0.0000000000000000 0.0000000000000000 0.0000000000000000 0.0000000000000000 0.4655545807300000 300.0000000000000000 0.0000000000000000 0.0000000000000000 0.0000000000000000 1.0000000000000000 0.0000000000000000
14 0.3700000000000000 0.1316550000000000 0.0099431294035000 0.0000000000000000 0.0000000000000000 0.0000000000000000 0.0000000000000000 0.0000000000000000 0.0000000000000000 0.4827144954700000 300.0000000000000000 0.0000000000000000 0.0000000000000000 0.0000000000000000 1.0000000000000000 0.0000000000000000
15 0.3700000000000000 0.1316550000000000 0.0077973333950000 0.0000000000000000 0.0000000000000000 0.0000000000000000 0.0000000000000000 0.0000000000000000 0.0000000000000000 0.4917192252100000 300.0000000000000000 0.0000000000000000 0.0000000000000000 0.0000000000000000 1.0000000000000000 0.0000000000000000
16 0.3700000000000000 0.1316550000000000 0.0065398578007000 0.0000000000000000 0.0000000000000000 0.0000000000000000 0.0000000000000000 0.0000000000000000 0.0000000000000000 0.4967643264300000 300.0000000000000000 0.0000000000000000 0.0000000000000000 0.0000000000000000 1.0000000000000000 0.0000000000000000
17 0.3700000000000000 0.1316550000000000 0.0054885646575000 0.0000000000000000 0.0000000000000000 0.0000000000000000 0.0000000000000000 0.0000000000000000 0.0000000000000000 0.5006414485900000 300.0000000000000000 0.0000000000000000 0.0000000000000000 0.0000000000000000 1.0000000000000000 0.0000000000000000
18 0.3700000000000000 0.1316550000000000 0.0047071597988000 0.0000000000000000 0.0000000000000000 0.0000000000000000 0.0000000000000000 0.0000000000000000 0.0000000000000000 0.5018461759500000 300.0000000000000000 0.0000000000000000 0.0000000000000000 0.0000000000000000 1.0000000000000000 0.0000000000000000
19 0.3700000000000000 0.1316550000000000 0.0040380697046000 0.0000000000000000 0.0000000000000000 0.0000000000000000 0.0000000000000000 0.0000000000000000 0.0000000000000000 0.4971762776700000 300.0000000000000000 0.0000000000000000 0.0000000000000000 0.0000000000000000 1.0000000000000000 0.0000000000000000
20 0.3700000000000000 0.1316550000000000 0.0033880949190000 0.0000000000000000 0.0000000000000000 0.0000000000000000 0.0000000000000000 0.0000000000000000 0.0000000000000000 0.4809793578900000 300.0000000000000000 0.0000000000000000 0.0000000000000000 0.0000000000000000 1.0000000000000000 0.0000000000000000
21 0.3700000000000000 0.1316550000000000 0.0031208861749000 0.0000000000000000 0.0000000000000000 0.0000000000000000 0.0000000000000000 0.0000000000000000 0.0000000000000000 0.4700875212400000 300.0000000000000000 0.0000000000000000 0.0000000000000000 0.0000000000000000 1.0000000000000000 0.0000000000000000
22 0.3700000000000000 0.1316550000000000 0.0027815361742000 0.0000000000000000 0.0000000000000000 0.0000000000000000 0.0000000000000000 0.0000000000000000 0.0000000000000000 0.4526318605800000 300.0000000000000000 0.0000000000000000 0.0000000000000000 0.0000000000000000 1.0000000000000000 0.0000000000000000
23 0.3700000000000000 0.1316550000000000 0.0021130413090000 0.0000000000000000 0.0000000000000000 0.0000000000000000 0.0000000000000000 0.0000000000000000 0.0000000000000000 0.4064968097400000 300.0000000000000000 0.0000000000000000 0.0000000000000000 0.0000000000000000 1.0000000000000000 0.0000000000000000
24 0.3700000000000000 0.1316550000000000 0.0015536842265000 0.0000000000000000 0.0000000000000000 0.0000000000000000 0.0000000000000000 0.0000000000000000 0.0000000000000000 0.3550363661500000 300.0000000000000000 0.0000000000000000 0.0000000000000000 0.0000000000000000 1.0000000000000000 0.0000000000000000
25 0.3700000000000000 0.1316550000000000 0.0010632075682000 0.0000000000000000 0.0000000000000000 0.0000000000000000 0.0000000000000000 0.0000000000000000 0.0000000000000000 0.2974358225200000 300.0000000000000000 0.0000000000000000 0.0000000000000000 0.0000000000000000 1.0000000000000000 0.0000000000000000
26 0.3700000000000000 0.1316550000000000 0.0010059988290000 0.0000000000000000 0.0000000000000000 0.0000000000000000 0.0000000000000000 0.0000000000000000 0.0000000000000000 0.2897014188600000 300.0000000000000000 0.0000000000000000 0.0000000000000000 0.0000000000000000 1.0000000000000000 0.0000000000000000
27 0.3700000000000000 0.1316550000000000 0.0008947072625500 0.0000000000000000 0.0000000000000000 0.0000000000000000 0.0000000000000000 0.0000000000000000 0.0000000000000000 0.2738787770200000 300.0000000000000000 0.0000000000000000 0.0000000000000000 0.0000000000000000 1.0000000000000000 0.0000000000000000
28 0.3700000000000000 0.1316550000000000 0.0005444935236900 0.0000000000000000 0.0000000000000000 0.0000000000000000 0.0000000000000000 0.0000000000000000 0.0000000000000000 0.2151643629800000 300.0000000000000000 0.0000000000000000 0.0000000000000000 0.0000000000000000 1.0000000000000000 0.0000000000000000
29 0.3700000000000000 0.1316550000000000 0.0001793075782500 0.0000000000000000 0.0000000000000000 0.0000000000000000 0.0000000000000000 0.0000000000000000 0.0000000000000000 0.1242645931600000 300.0000000000000000 0.0000000000000000 0.0000000000000000 0.0000000000000000 1.0000000000000000 0.0000000000000000
30 0.3700000000000000 0.1316550000000000 0.0000853314689220 0.0000000000000000 0.0000000000000000 0.0000000000000000 0.0000000000000000 0.0000000000000000 0.0000000000000000 0.0858535280040000 300.0000000000000000 0.0000000000000000 0.0000000000000000 0.0000000000000000 1.0000000000000000 0.0000000000000000
31 0.3700000000000000 0.1316550000000000 0.0000325659777230 0.0000000000000000 0.0000000000000000 0.0000000000000000 0.0000000000000000 0.0000000000000000 0.0000000000000000 0.0530816112820000 300.0000000000000000 0.0000000000000000 0.0000000000000000 0.0000000000000000 1.0000000000000000 0.0000000000000000
32 0.3700000000000000 0.1316550000000000 0.0000009999999827 0.0000000000000000 0.0000000000000000 0.0000000000000000 0.0000000000000000 0.0000000000000000 0.0000000000000000 0.0093062203423000 300.0000000000000000 0.0000000000000000 0.0000000000000000 0.0000000000000000 1.0000000000000000 0.0000000000000000
